7436772
5788811
8728253
5150333
8489643
8938040
8996299
8938045
8938045
4142976
4257390
8728208
5263395
8298962
8938040
4010164
7060358
8728213
4044084
1230598
3523881
4593405
8489668
8489673
8728193
5034790
6926837
8813652
5150053
8815912
1236197
8938005
4780100
5236166
7700178
6679868
3962664
4259260
1230332
7160008
4593430
7700278
8489643
7436747
3047107
4170386
7698838
5266260
5033980
7020465
4010184
5150193
5150333
8727963
3001227
8608994
8608994
7452853
7911771
8813562
7497358
7436767
7436767
7436767
8637788
8489683
8996529
7911771
6926676
6926465
8065295
7807428
8813562
3285750
7337378
7497048
7497048
7436777
8815867
5199433
3191397
6679843
6679843
8637788
7041414
5788444
8727998
1230594
5595581
5595581
8813382
4593415
3243813
3243813
6922051
5035375
7807583
7497063
8937785
8937785
5787297
5787297
7497348
6922001
7160043
4816699
4816584
4816584
8813447
8813447
7160043
8813412
8815952
8815952
8065255
4142966
6922001
8813342
8813447
7497143
5595576
8121484
7160409
3142611
8728258
8608859
4170349
8728258
5595576
8816112
8937850
7696403
8813292
8065235
8816122
8816122
6671782
7700781
4337661
5789135
7337193
7911761
7159963
7159963
5591631
2903008
7700368
7700368
7700368
5034545
7337168
6671817
7911756
7041491
7436692
7436647
7911756
8937965
8996364
7807373
7807373
7807373
7807373
8966976
8813647
8728058
3142570
3482323
8121474
8121474
7020465
7020465
8489648
7694176
7041536
8813287
7436612
8728253
3513107
7160053
7807563
5787183
8298807
8816222
8938045
8938045
7436612
5150303
5150303
8065245
5450433
3369283
7497083
7700791
7013030
6679848
7160013
7700333
8816052
6926852
1230347
3482558
7436697
8065260
5263390
8815847
8815847
7041526
7041516
7041521
6921991
7436597
7436477
7807378
7807378
7807378
3335385
4256180
7436477
5263750
5236201
7436712
8297762
8297762
8816082
8065370
8728238
3596123
7436602
3001252
3001252
7911641
7807568
3083834
8608984
8608984
7436602
5263935
8728218
8728218
4169749
5707350
8065240
8065240
3007677
8065230
4257450
8489713
7807573
7436472
7497373
1234358
3001238
7911786
7911786
8728233
5034250
8065390
7436472
4170254
4144533
3243818
7807603
8815877
4004057
5595181
5595181
3243788
3007662
8816127
7241731
7241731
8816217
8489708
4170240
6926711
6922046
3196245
5034615
3262874
3262874
3001237
3067710
8813517
8813517
8816227
8996019
5264065
4259195
7807433
8489743
8489743
8813677
7160103
8608979
4170189
4170189
5267312
5267327
4816254
7807588
2874418
5267317
8489763
5034380
8938030
1230588
3963559
7436742
7436742
4170139
8938020
8813667
4817769
4256185
1234168
8728213
5267322
5267322
6926415
7911821
7160454
3528197
3142636
7159988
8815907
7159978
7029112
7029112
7029112
7807618
7160429
7160429
8813282
8813282
5787377
5595571
6926716
4411780
7160414
4170219
4170219
7160038
8813422
8813422
7803565
7436637
5263760
8813537
8813537
3963414
4170179
5595551
5450273
7803565
7483570
8297827
7337163
7437498
7437498
7462568
7160033
7160033
7160033
6926746
7436587
7436587
7436587
7436587
8815807
4170234
8608864
8608864
8608864
8608864
5459983
7436772
7436772
7436772
7436772
7436772
7436772
4257500
7497123
7911781
7160088
6926666
3285740
3285740